0.000000 inf nan
1.515152 15841.515152 nan
3.030303 7923.030303 nan
4.545455 5284.545455 nan
6.060606 3966.060606 nan
7.575758 3175.575758 nan
9.090909 2649.090909 nan
10.606061 2273.463203 nan
12.121212 1992.121212 nan
13.636364 1773.636364 nan
15.151515 1599.151515 nan
16.666667 1456.666667 nan
18.181818 1338.181818 nan
19.696970 1238.158508 nan
21.212121 1152.640693 nan
22.727273 1078.727273 nan
24.242424 1014.242424 nan
25.757576 957.522282 nan
27.272727 907.272727 nan
28.787879 862.472089 nan
30.303030 822.303030 nan
31.818182 786.103896 nan
33.333333 753.333333 nan
34.848485 723.544137 nan
36.363636 696.363636 nan
37.878788 671.478788 nan
39.393939 648.624709 nan
40.909091 627.575758 nan
42.424242 608.138528 nan
43.939394 590.146290 nan
45.454545 573.454545 nan
46.969697 557.937439 nan
48.484848 543.484848 nan
50.000000 530.000000 nan
51.515152 517.397504 nan
53.030303 505.601732 nan
54.545455 494.545455 nan
56.060606 484.168714 nan
57.575758 474.417863 nan
59.090909 465.244755 nan
60.606061 456.606061 nan
62.121212 448.462676 nan
63.636364 440.779221 nan
65.151515 433.523608 nan
66.666667 426.666667 nan
68.181818 420.181818 nan
69.696970 414.044796 nan
71.212121 408.233398 nan
72.727273 402.727273 nan
74.242424 397.507730 nan
75.757576 392.557576 nan
77.272727 387.860963 nan
78.787879 383.403263 nan
80.303030 379.170955 nan
81.818182 375.151515 nan
83.333333 371.333333 nan
84.848485 367.705628 nan
86.363636 364.258373 nan
87.878788 360.982236 nan
89.393939 357.868516 nan
90.909091 354.909091 nan
92.424242 352.096374 nan
93.939394 349.423265 nan
95.454545 346.883117 nan
96.969697 344.469697 nan
98.484848 342.177156 nan
100.000000 340.000000 nan
101.515152 337.933062 nan
103.030303 335.971480 nan
104.545455 334.110672 nan
106.060606 332.346320 nan
107.575758 330.674349 nan
109.090909 329.090909 nan
110.606061 327.592362 nan
112.121212 326.175266 nan
113.636364 324.836364 nan
115.151515 323.572568 nan
116.666667 322.380952 nan
118.181818 321.258741 nan
119.696970 320.203299 nan
121.212121 319.212121 nan
122.727273 318.282828 nan
124.242424 317.413156 nan
125.757576 316.600949 nan
127.272727 315.844156 nan
128.787879 315.140820 nan
130.303030 314.489077 nan
131.818182 313.887147 nan
133.333333 313.333333 nan
134.848485 312.826013 nan
136.363636 312.363636 nan
137.878788 311.944722 nan
139.393939 311.567852 nan
140.909091 311.231672 nan
142.424242 310.934881 nan
143.939394 310.676236 nan
145.454545 310.454545 nan
146.969697 310.268666 nan
148.484848 310.117502 nan
150.000000 310.000000 nan
